# expected_ampa
1.342752053658962663e-01
2.685504107317925326e-01
4.028256160976887990e-01
5.371008214635850653e-01
6.713760268294812761e-01
8.056512321953775979e-01
9.399264375612739197e-01
1.074201642927170131e+00
1.208476848293066341e+00
1.342752053658962552e+00
1.477027259024858985e+00
1.611302464390755196e+00
1.745577669756651407e+00
1.879852875122547839e+00
2.014128080488443828e+00
2.148403285854340261e+00
2.282678491220236694e+00
2.416953696586132683e+00
2.551228901952029116e+00
2.685504107317925104e+00
2.819779312683821537e+00
2.954054518049717970e+00
3.088329723415613959e+00
3.222604928781510392e+00
3.356880134147406824e+00
3.491155339513302813e+00
3.625430544879199246e+00
3.759705750245095679e+00
3.893980955610991668e+00
4.028256160976887656e+00
4.162531366342784089e+00
4.296806571708680522e+00
4.431081777074576955e+00
4.565356982440473388e+00
4.699632187806368933e+00
4.833907393172265365e+00
4.968182598538161798e+00
5.102457803904058231e+00
5.236733009269954664e+00
5.371008214635850209e+00
5.505283420001746642e+00
5.639558625367643074e+00
5.773833830733539507e+00
5.908109036099435940e+00
6.042384241465332373e+00
6.176659446831227918e+00
6.310934652197124350e+00
6.445209857563020783e+00
6.579485062928917216e+00
6.713760268294813649e+00
6.848035473660709194e+00
6.982310679026605627e+00
7.116585884392502059e+00
7.250861089758398492e+00
7.385136295124294925e+00
7.519411500490191358e+00
7.653686705856086903e+00
7.787961911221983335e+00
7.922237116587879768e+00
8.056512321953775313e+00
8.190787527319672634e+00
8.325062732685568179e+00
8.459337938051465500e+00
8.593613143417361044e+00
8.727888348783256589e+00
8.862163554149153910e+00
8.996438759515049455e+00
9.130713964880946776e+00
9.264989170246842320e+00
9.399264375612737865e+00
9.533539580978635186e+00
9.667814786344530731e+00
9.802089991710428052e+00
9.936365197076323597e+00
1.007064040244221914e+01
1.020491560780811646e+01
1.033919081317401201e+01
1.047346601853990933e+01
1.060774122390580487e+01
1.074201642927170042e+01
1.087629163463759774e+01
1.101056684000349328e+01
1.114484204536939060e+01
1.127911725073528615e+01
1.141339245610118347e+01
1.154766766146707901e+01
1.168194286683297456e+01
1.181621807219887188e+01
1.195049327756476742e+01
1.208476848293066475e+01
1.221904368829656029e+01
1.235331889366245584e+01
1.248759409902835316e+01
1.262186930439424870e+01
1.275614450976014602e+01
1.289041971512604157e+01
1.302469492049193711e+01
1.315897012585783443e+01
1.329324533122372998e+01
1.342752053658962730e+01
1.356179574195552284e+01
1.369607094732141839e+01
1.383034615268731571e+01
1.396462135805321125e+01
1.409889656341910857e+01
1.423317176878500412e+01
1.436744697415089966e+01
1.450172217951679698e+01
1.463599738488269253e+01
1.477027259024858985e+01
1.490454779561448539e+01
1.503882300098038272e+01
1.517309820634627826e+01
1.530737341171217381e+01
1.544164861707807113e+01
1.557592382244396667e+01
1.571019902780986399e+01
1.584447423317575954e+01
1.597874943854165508e+01
1.611302464390755063e+01
1.624729984927344972e+01
1.638157505463934527e+01
1.651585026000524081e+01
1.665012546537113636e+01
1.678440067073703190e+01
1.691867587610293100e+01
1.705295108146882654e+01
1.718722628683472209e+01
1.732150149220061763e+01
1.745577669756651318e+01
1.759005190293241228e+01
1.772432710829830782e+01
1.785860231366420336e+01
1.799287751903009891e+01
1.812715272439599445e+01
1.826142792976189355e+01
1.839570313512778910e+01
1.852997834049368464e+01
1.866425354585958019e+01
1.879852875122547573e+01
1.893280395659137483e+01
1.906707916195727037e+01
1.920135436732316592e+01
1.933562957268906146e+01
1.946990477805495701e+01
1.960417998342085610e+01
1.973845518878675165e+01
1.987273039415264719e+01
2.000700559951854274e+01
2.014128080488443828e+01
2.027555601025033738e+01
2.040983121561623292e+01
2.054410642098212847e+01
2.067838162634802401e+01
2.081265683171391956e+01
2.094693203707981866e+01
2.108120724244571420e+01
2.121548244781160975e+01
2.134975765317750529e+01
2.148403285854340083e+01
2.161830806390929993e+01
2.175258326927519548e+01
2.188685847464109102e+01
2.202113368000698657e+01
2.215540888537288566e+01
2.228968409073878121e+01
2.242395929610467675e+01
2.255823450147057230e+01
2.269250970683646784e+01
2.282678491220236694e+01
2.296106011756826248e+01
2.309533532293415803e+01
2.322961052830005357e+01
2.336388573366594912e+01
2.349816093903184822e+01
2.363243614439774376e+01
2.376671134976363930e+01
2.390098655512953485e+01
2.403526176049543039e+01
2.416953696586132949e+01
