# expected_control
2.134561137317973478e-01
4.269122274635946956e-01
6.403683411953919880e-01
8.538244549271893913e-01
1.067280568658986795e+00
1.280736682390783976e+00
1.494192796122581379e+00
1.707648909854378783e+00
1.921105023586176186e+00
2.134561137317973589e+00
2.348017251049770771e+00
2.561473364781567952e+00
2.774929478513365577e+00
2.988385592245162758e+00
3.201841705976960384e+00
3.415297819708757565e+00
3.628753933440554746e+00
3.842210047172352372e+00
4.055666160904149997e+00
4.269122274635947178e+00
4.482578388367744360e+00
4.696034502099541541e+00
4.909490615831338722e+00
5.122946729563135904e+00
5.336402843294933973e+00
5.549858957026731154e+00
5.763315070758528336e+00
5.976771184490325517e+00
6.190227298222122698e+00
6.403683411953920768e+00
6.617139525685717949e+00
6.830595639417515130e+00
7.044051753149312312e+00
7.257507866881109493e+00
7.470963980612907562e+00
7.684420094344704744e+00
7.897876208076501925e+00
8.111332321808299994e+00
8.324788435540096287e+00
8.538244549271894357e+00
8.751700663003690650e+00
8.965156776735488720e+00
9.178612890467286789e+00
9.392069004199083082e+00
9.605525117930881152e+00
9.818981231662677445e+00
1.003243734539447551e+01
1.024589345912627181e+01
1.045934957285806988e+01
1.067280568658986795e+01
1.088626180032166424e+01
1.109971791405346231e+01
1.131317402778525860e+01
1.152663014151705667e+01
1.174008625524885474e+01
1.195354236898065103e+01
1.216699848271244910e+01
1.238045459644424540e+01
1.259391071017604347e+01
1.280736682390784154e+01
1.302082293763963783e+01
1.323427905137143590e+01
1.344773516510323219e+01
1.366119127883503026e+01
1.387464739256682833e+01
1.408810350629862462e+01
1.430155962003042269e+01
1.451501573376221899e+01
1.472847184749401706e+01
1.494192796122581512e+01
1.515538407495761142e+01
1.536884018868940949e+01
1.558229630242120578e+01
1.579575241615300385e+01
1.600920852988480192e+01
1.622266464361659999e+01
1.643612075734839451e+01
1.664957687108019257e+01
1.686303298481199064e+01
1.707648909854378871e+01
1.728994521227558678e+01
1.750340132600738130e+01
1.771685743973917937e+01
1.793031355347097744e+01
1.814376966720277551e+01
1.835722578093457358e+01
1.857068189466636809e+01
1.878413800839816616e+01
1.899759412212996423e+01
1.921105023586176230e+01
1.942450634959356037e+01
1.963796246332535489e+01
1.985141857705715296e+01
2.006487469078895103e+01
2.027833080452074910e+01
2.049178691825254361e+01
2.070524303198434168e+01
2.091869914571613975e+01
2.113215525944793782e+01
2.134561137317973589e+01
2.155906748691153041e+01
