# peaks_ampa
-9.327218441924856052e-03
1.450870057090014598e-01
2.979965238525608129e-01
4.494214641992471115e-01
5.993816158524936100e-01
7.478964356094479626e-01
8.949850546994895240e-01
1.040666285379671763e+00
1.184958627388766672e+00
1.327880274261033833e+00
1.469449119501035739e+00
1.609682762621133634e+00
1.748598515043482848e+00
1.886213405867565029e+00
2.022544187506099433e+00
2.157607341190512784e+00
2.291419082348653546e+00
2.423995365856626449e+00
2.555351891167291001e+00
2.685504107317925104e+00
2.814467217819341727e+00
2.942256185429300785e+00
3.068885736812760001e+00
3.194370367091593721e+00
3.318724344286835048e+00
3.441962635382736835e+00
3.564098935586855532e+00
3.685146170788343056e+00
3.805117740148361349e+00
3.924026836433398557e+00
4.041886449870787601e+00
4.158709371915364272e+00
4.274508198929410696e+00
4.389295335778840013e+00
4.503082999347441273e+00
4.615883221972396200e+00
4.727707854802346787e+00
4.838568571081268033e+00
4.948476869359467400e+00
5.057444076634396879e+00
5.165481351422897660e+00
5.272599686767151184e+00
5.378809913175942370e+00
5.484122701503238773e+00
5.588548565765918852e+00
5.692097865901672549e+00
5.794780810469987387e+00
5.896607459296404841e+00
5.997587726062320712e+00
6.097731380841807436e+00
6.197048052586325184e+00
6.295547231559226020e+00
6.393238271721060073e+00
6.490130393066863235e+00
6.586232683916975361e+00
6.681554103161872149e+00
6.776103482463213368e+00
6.869889528410823232e+00
6.962920824637635064e+00
7.055205833893694489e+00
7.146752900079064830e+00
7.237570250237837399e+00
7.327665996513403002e+00
7.417048138066093088e+00
7.505724562954327439e+00
7.593703049979197317e+00
7.680991270494359924e+00
7.767596790181443112e+00
7.853527070791585629e+00
7.938789471854335034e+00
8.023391252354137748e+00
8.107339572375444448e+00
8.190641494716786042e+00
8.273303986474871863e+00
8.355333920598965847e+00
8.436738077416180204e+00
8.517523146129065026e+00
8.597695726284428019e+00
8.677262329216020476e+00
8.756229379459668394e+00
8.834603216143072757e+00
8.912390094349674996e+00
8.989596186457461613e+00
9.066227583453567718e+00
9.142290296224445001e+00
9.217790256822695483e+00
9.292733319711132367e+00
9.367125262983549305e+00
9.440971789563924688e+00
9.514278528383862010e+00
9.587051035538230792e+00
9.659294795420819923e+00
9.731015221838703155e+00
9.802217659106979397e+00
9.872907383124129410e+00
9.943090543363361178e+00
1.001277270773988448e+01
1.008195758812153286e+01
1.015065019647069278e+01
1.021885548145015576e+01
1.028657832938749550e+01
1.035382356522280389e+01
1.042059595343933154e+01
1.048690019897811965e+01
1.055274094813617580e+01
1.061812278944886856e+01
1.068305025455708090e+01
1.074752781905908705e+01
1.081155990334746519e+01
1.087515087343141573e+01
1.093830504174480467e+01
1.100102666794040118e+01
1.106331995966993986e+01
1.112518907335078211e+01
1.118663811491978066e+01
1.124767114057336670e+01
1.130829215749590588e+01
1.136850512457451856e+01
1.142831395310239628e+01
1.148772250746979040e+01
1.154673460584331224e+01
1.160535402083375800e+01
1.166358448015225235e+01
1.172142966725559177e+01
1.177889322198089417e+01
1.183597874116863835e+01
1.189268977927650894e+01
1.194902984898165954e+01
1.200500242177389509e+01
1.206061092853813932e+01
1.211585876012794216e+01
1.217074926792883360e+01
1.222528576441243331e+01
1.227947152368172112e+01
1.233330978200689287e+01
1.238680373835267545e+01
1.243995655489661800e+01
1.249277135753940371e+01
1.254525123640599560e+01
1.259739924633969821e+01
1.264921840738691117e+01
1.270071170527506155e+01
1.275188209188214472e+01
1.280273248569905320e+01
1.285326577228378397e+01
1.290348480470939307e+01
1.295339240400387837e+01
1.300299135958290009e+01
1.305228442967675306e+01
1.310127434174890482e+01
1.314996379290923301e+01
1.319835545031995849e+01
1.324645195159517641e+01
1.329425590519463185e+01
1.334176989081056064e+01
1.338899645974882446e+01
1.343593813530402059e+01
1.348259741312900672e+01
1.352897676159781071e+01
1.357507862216391459e+01
1.362090540971215802e+01
1.366645951290602312e+01
1.371174329452831131e+01
1.375675909181795475e+01
1.380150921680078113e+01
1.384599595661526195e+01
1.389022157383353573e+01
1.393418830677772036e+01
1.397789836983058365e+01
1.402135395374238414e+01
1.406455722593274515e+01
1.410751033078739880e+01
1.415021538995180350e+01
1.419267450261879304e+01
1.423488974581294286e+01
1.427686317467055943e+01
1.431859682271461054e+01
1.436009270212715450e+01
1.440135280401622708e+01
1.444237909867936054e+01
