# peaks_control
-9.327218441924856052e-03
1.938437679769009492e-01
3.974393116053107633e-01
6.015342117420914292e-01
8.062057558956610137e-01
1.011532218686170381e+00
1.217594945930500216e+00
1.424477913725610279e+00
1.632267849715418606e+00
1.841054363334407640e+00
2.050930085322420382e+00
2.261993973743102515e+00
2.474345050872855722e+00
2.688085136064614744e+00
2.903326469995022308e+00
3.120180707848334123e+00
3.338766980643143256e+00
3.559205654019194753e+00
3.781634625193277088e+00
4.006182911087819321e+00
4.232994197404352121e+00
4.462218822586436318e+00
4.694014062562246181e+00
4.928544430179911728e+00
5.165988163439038772e+00
5.406527886291584650e+00
5.650354890178505229e+00
5.897675528727120309e+00
6.148710586680365964e+00
6.403683411953920768e+00
6.662835775597329757e+00
6.926424754339208789e+00
7.194722301832840117e+00
7.468003929558008736e+00
7.746577185693766410e+00
8.030754807218166036e+00
8.320864548731719879e+00
8.617256035698893868e+00
8.920290266235987531e+00
9.230336571816145863e+00
9.547782839592450443e+00
9.873027910027452947e+00
1.020647219840749642e+01
1.054851271565353699e+01
1.089953664194427319e+01
1.125993070102401106e+01
1.163003096204842279e+01
1.201015344168442311e+01
1.240054035386091869e+01
1.280135395382955465e+01
1.321265430409826536e+01
1.363438501473041242e+01
1.406629623045241573e+01
1.450798442727302984e+01
1.495879793819587888e+01
1.541786526070315944e+01
1.588402587448727843e+01
1.635586737982988836e+01
1.683171890943285831e+01
1.730966829401135954e+01
1.778761090024696756e+01
1.826332198525062722e+01
1.873452063944566248e+01
1.919898096537936993e+01
1.965458746409967006e+01
2.009941900140015747e+01
2.053183699645446580e+01
2.095049814687414624e+01
2.135438687045561323e+01
2.174281026925828542e+01
2.211537617019073565e+01
2.247199137013118531e+01
2.281274933491301482e+01
2.313798600562464003e+01
2.344813558752031213e+01
2.374376624216675680e+01
2.402554221978713400e+01
2.429412113934594686e+01
2.455020390421365306e+01
2.479452332495641542e+01
2.502775245363201861e+01
2.525057870192571841e+01
2.546363415970840549e+01
2.566756313566747849e+01
2.586291888812685613e+01
2.605025125853519086e+01
2.623007191394102477e+01
2.640285500488853643e+01
2.656903849280450913e+01
2.672902591971780595e+01
2.688319723049226440e+01
2.703192188063124490e+01
2.717548494340439191e+01
2.731422742084657784e+01
2.744838262155128206e+01
2.757825118051228941e+01
2.770404072797473560e+01
2.782597117108443285e+01
2.794425051484594036e+01
2.805907771714317533e+01
2.817062330706622220e+01
