-0.000000000000000000e+00
5.896569265591355274e-03
1.143869458446354972e-02
1.657835104477449473e-02
2.137736288246727678e-02
2.588697300723609429e-02
3.014412259443731076e-02
3.417518410460670952e-02
3.799934628503683770e-02
4.163101507253777478e-02
4.508142482119705668e-02
4.835970505383953288e-02
5.147358567130666529e-02
5.442986346052433588e-02
5.723471034946889940e-02
5.989387610334304807e-02
6.241282026197404742e-02
6.479679652890280028e-02
6.705090523385329182e-02
6.918012446104918056e-02
7.118932706495034735e-02
7.308328851227961775e-02
7.486668892983189272e-02
7.654411166386891618e-02
7.812003991322824525e-02
7.959885248049763939e-02
8.098481932463809374e-02
8.228209734670834108e-02
8.349472666576057689e-02
8.462662752221430940e-02
8.568159786523903143e-02
8.666331162801617360e-02
8.757531766173462517e-02
8.842103928058012152e-02
8.920377436066924404e-02
8.992669593358300351e-02
9.059285321657974122e-02
9.120517302566187590e-02
9.176646152296867587e-02
9.227940625537581210e-02
9.274657844660813555e-02
9.317043550989467793e-02
9.355332375218104735e-02
9.389748124421029574e-02
9.420504083330005773e-02
9.447803327751012892e-02
9.471839048131759642e-02
9.492794881381687311e-02
9.510845249125865486e-02
9.526155700623721578e-02
9.538883258631350448e-02
9.549176766537986749e-02
9.557176589158759838e-02
9.563012709874661732e-02
9.566801195669925872e-02
9.568640365821362570e-02
9.568608518464821744e-02
9.566764432257073014e-02
9.563150688128788102e-02
9.557798899328358300e-02
9.550735554154839158e-02
9.541987311873377509e-02
9.531585005310629077e-02
9.519566058296265176e-02
9.505975381059067475e-02
9.490865014613408812e-02
9.474292868958564262e-02
9.456320879258389711e-02
9.437012838353120436e-02
9.416432111701927843e-02
9.394639460294693101e-02
9.371691283668137640e-02
9.347638645238637300e-02
9.322527347970857581e-02
9.296399094673885033e-02
9.269293501971324900e-02
9.241250552929924922e-02
9.212313019063519959e-02
9.182528443284949937e-02
9.151950407092276918e-02
9.120638961652668963e-02
9.088660247532996672e-02
9.056085441226933985e-02
9.022989234247169588e-02
8.989448068881053522e-02
8.955538334525495192e-02
8.921334686960230576e-02
8.886908604216599283e-02
8.852327245365533559e-02
8.817652637010076067e-02
8.782941178856419617e-02
8.748243435638305976e-02
8.713604169607142014e-02
8.679062562928112345e-02
8.644652578059557058e-02
8.610403405342867411e-02
8.576339951927526573e-02
8.542483335118541965e-02
8.508851354441247794e-02
8.475458927511818341e-02
8.442318483260559392e-02
8.409440311578532390e-02
8.376825377918155346e-02
8.344448535387197219e-02
8.312242699776803412e-02
8.280096535145776981e-02
8.247868941805369669e-02
8.215413849421249193e-02
8.182605321351746341e-02
8.149355273318313608e-02
8.115620611308380083e-02
8.081400419340889485e-02
7.476187479013376991e-02
7.014955551185272919e-02
6.713364539067795400e-02
6.525443309984563234e-02
6.414371315451380950e-02
6.354501446549967736e-02
6.328256492792437571e-02
6.323652193081624739e-02
6.332577350981316577e-02
6.349598217666040101e-02
6.371122244961401060e-02
6.394813888628426979e-02
6.419188601799653837e-02
6.443332437825619041e-02
6.466709642021827020e-02
6.489031508673505366e-02
6.510167683500336921e-02
6.530086737471547942e-02
6.548816819415971546e-02
6.566419985985570695e-02
6.582975763799328583e-02
6.598570872782308361e-02
6.613293005850442996e-02
6.627227237256878845e-02
6.640454103003901043e-02
6.653048720791331083e-02
6.665080537003367778e-02
6.676613435624047244e-02
6.687706041441957017e-02
6.698412113649898636e-02
6.708780967210234425e-02
6.718857885812405673e-02
6.728684507009942417e-02
6.738299170581155129e-02
6.747737227502484392e-02
6.757031310630706722e-02
6.766211570179729573e-02
6.775305877995732584e-02
6.784340004885432152e-02
6.793337775106322862e-02
6.802321201774175208e-02
6.811310606486832564e-02
6.820324725986615100e-02
6.829380808213775245e-02
6.838494699691512191e-02
6.847680925802873686e-02
6.856952765210494460e-02
6.866322319404757901e-02
6.875800578145840891e-02
6.885397481397320663e-02
6.895121978204037105e-02
6.904982082860434967e-02
6.914984928631087713e-02
6.925136819219777917e-02
6.935443278133721079e-02
6.945909096053558274e-02
6.956538376294735260e-02
6.967334578421859048e-02
6.978300560072452086e-02
6.989438617026563771e-02
7.000713846585682187e-02
7.012026133111783077e-02
7.023225792370638154e-02
7.034157269507229637e-02
7.044700011052565380e-02
7.054789686033730023e-02
7.064419485573601720e-02
7.073629003264640669e-02
7.082488590355236202e-02
7.091084436911686273e-02
7.099506828988437490e-02
7.107842121160964921e-02
7.116167981696744360e-02
7.124551122721015095e-02
7.133046726104083635e-02
7.141698916671251895e-02
7.150541806942704859e-02
7.159600791872754166e-02
7.168893891899931481e-02
7.178433028054527487e-02
7.188225169972205231e-02
7.198273333698965160e-02
7.208577427535783899e-02
7.219134955818949650e-02
7.229941596046442209e-02
7.240991666568291629e-02
7.252278501777990882e-02
7.263794750364008235e-02
7.275532610346013840e-02
7.287484012666679833e-02
7.299640763242593033e-02
7.311994651700101655e-02
7.324537533538920397e-02
7.337261391227259399e-02
7.350158378675794579e-02
7.363220852673892092e-02
7.376441394162086551e-02
7.389812821632552042e-02
7.403328198484931955e-02
7.416980835783563986e-02
7.430752888147716673e-02
7.444591290987094545e-02
7.458387466569672830e-02
7.471976913828284883e-02
7.485160354202202715e-02
7.497735949449163551e-02
7.509529703980413751e-02
7.520415758679212248e-02
7.530324396823864785e-02
7.539239843490994075e-02
7.547191644087929141e-02
7.554243276178333744e-02
7.560480668749955391e-02
7.566002186478530678e-02
7.570910734792420105e-02
7.575308048914186632e-02
7.579290909842455182e-02
7.582948902928592083e-02
7.586363323525531499e-02
7.589606881508501046e-02
7.592743917927549657e-02
7.595830902784367344e-02
7.598917038322645923e-02
7.602044855550732505e-02
7.605250757150786023e-02
7.608565511977832818e-02
7.612014733500378771e-02
7.615619376614238267e-02
7.619396273069679870e-02
7.623358706438489174e-02
7.627517011401234448e-02
7.631879172957799218e-02
7.636451399078687807e-02
7.641238643512213158e-02
7.646245061644321717e-02
7.651474389515110219e-02
7.656930242961251798e-02
7.662616339578677549e-02
7.668536650453859627e-02
7.674695491314487139e-02
7.681092815299854493e-02
7.687713002784632432e-02
7.694513176736948734e-02
7.701418893351993922e-02
7.708330127496962336e-02
7.715134696792494418e-02
7.721723749771768064e-02
7.728004738801368123e-02
7.733909557895107811e-02
7.739397629848064619e-02
7.744454984476616122e-02
7.749090792145583995e-02
7.753332701322859788e-02
7.757221978849394850e-02
7.760809070070570637e-02
7.764149882224795352e-02
7.767302876904816356e-02
7.770326927495252445e-02
7.773279833374314995e-02
7.776217361704705622e-02
7.779192691594992437e-02
7.782256151558521184e-02
7.785455161547610858e-02
7.788834310911171843e-02
7.792435521277632504e-02
7.796298257820069577e-02
7.800459763653348755e-02
7.804955300583561739e-02
7.809818385605656055e-02
7.815081016907024503e-02
7.820773886122914242e-02
7.826926575587031532e-02
7.833567740578468996e-02
7.840725277345841904e-02
7.848426478106688975e-02
7.856698174418733083e-02
7.865566870379743503e-02
7.875058867066114798e-02
7.885200379544128613e-02
7.896017647669506534e-02
7.907537041774662101e-02
7.919785164224575624e-02
7.932788947711544303e-02
7.946575751056046688e-02
7.961173453201637884e-02
7.976610546007653624e-02
7.992916226385174405e-02
8.010120488276166462e-02
8.028254214924628041e-02
8.047349271872304699e-02
8.067437113591258147e-02
8.088544727604378426e-02
8.110689259794262584e-02
8.133874279232625182e-02
8.158089817698307988e-02
8.183316241926423540e-02
8.209530410894411157e-02
8.236712146257774148e-02
8.264849529652951166e-02
8.293942343746785184e-02
8.241932148906019884e-02
8.153932004257360977e-02
8.068275663814343523e-02
8.001234081236355267e-02
7.957121841008472918e-02
7.935395384480151137e-02
7.933882472984193912e-02
7.950079418260944109e-02
7.981631192611673975e-02
8.026481528962453593e-02
8.082901814733735313e-02
8.149471687151392529e-02
8.225035424478831236e-02
8.308649584951689759e-02
8.399534033557923274e-02
8.497032513963585776e-02
8.600583403259734472e-02
8.709698448555117101e-02
8.823946785242729740e-02
8.942942201165474114e-02
9.066332558151832255e-02
9.193791119216473962e-02
9.325010173512224276e-02
9.459697840467810870e-02
9.597579321014390596e-02
9.738404168439465658e-02
9.881961355185879536e-02
1.002810395984171515e-01
1.017678511055819801e-01
1.032810630983867772e-01
1.048237836257049360e-01
1.064019381743877002e-01
1.080250817700658950e-01
1.097072529629974785e-01
1.114678061857855423e-01
1.133321447170682617e-01
1.153322682656093001e-01
1.175070488158937582e-01
1.199021566489916063e-01
1.225695751769827618e-01
1.255666642115825238e-01
1.289547596613634384e-01
1.327973362423142401e-01
1.371578031358179073e-01
1.420970424196776882e-01
1.476708315748452571e-01
1.539273111539716243e-01
1.609046614214925952e-01
1.686291305429872267e-01
1.771135086921333812e-01
1.863560741584103786e-01
1.963399676539538674e-01
2.070329039078304956e-01
2.183871245125821037e-01
2.303395366367214370e-01
2.428120536934428586e-01
2.557122282282016101e-01
2.689343139759312051e-01
2.823608919739258316e-01
2.958651384969657738e-01
3.093137023813311015e-01
3.225700195672453474e-01
3.354977299667005752e-01
3.479636139293005859e-01
3.598388500082511654e-01
3.709951224791827040e-01
3.812850050943434321e-01
3.905159967339604798e-01
3.984654418719340008e-01
4.049411097935184389e-01
4.098417516443232933e-01
4.131812747261137675e-01
4.150757771132789764e-01
4.157115653946480971e-01
4.153106224116333012e-01
4.141017556273422495e-01
4.122997624186227061e-01
4.100924343454572796e-01
4.076343545491576403e-01
4.050460324957094738e-01
4.024166641429845481e-01
3.998089279349837377e-01
3.972644701217448171e-01
3.948090793397223131e-01
3.924569853140895681e-01
3.902141279571721411e-01
3.880805229031637493e-01
3.860519637232389667e-01
3.841212875330551335e-01
3.822793581341241143e-01
3.805158474000350788e-01
3.788198495064645788e-01
3.771803453206645784e-01
3.755865343863900030e-01
3.740280572231606260e-01
3.724951337386498973e-01
3.709786422770600667e-01
3.694701592143698199e-01
3.679619731020006279e-01
3.664470818797804785e-01
3.649191775602521615e-01
3.633726202245484704e-01
3.618024018908925221e-01
3.602041003526375573e-01
3.585738229648423037e-01
3.569081402067469377e-01
3.552040083770467427e-01
3.534586797430716576e-01
3.516695965464476936e-01
3.498342618863002906e-01
3.479500744303343218e-01
3.460141023780152203e-01
3.440227484449998041e-01
3.419712042462537127e-01
3.398524572255186005e-01
3.376552200829079919e-01
3.353588485818723153e-01
3.329196830417598951e-01
3.302503022880211025e-01
3.272256078288335868e-01
3.237305381658617809e-01
3.197163352594135088e-01
3.152258922502718663e-01
3.103793294708744321e-01
3.053370960291322822e-01
3.002622518084675507e-01
2.952944739245414452e-01
2.905381047734816868e-01
2.860608554697340877e-01
2.818984684161405241e-01
2.780616354918284405e-01
2.745429957231762530e-01
2.713232303873699958e-01
2.683759550378861380e-01
2.656714149650779011e-01
2.631791082477449306e-01
2.608695064543126718e-01
2.587150623940768224e-01
2.566906948489809936e-01
2.547739220167261620e-01
2.529447828398699305e-01
2.511856468212982363e-01
2.494809765455242023e-01
2.478170781075834661e-01
2.461818545299747918e-01
2.445645648614288847e-01
2.429555844938399434e-01
2.413461574655267339e-01
2.397281263257862727e-01
2.380936163441914610e-01
2.364316265939476747e-01
2.347260247822999246e-01
2.329569411732662076e-01
2.311028755315902017e-01
2.291402337996925331e-01
2.270384720391716293e-01
2.247524790053208321e-01
2.222218648655496509e-01
2.193861165266887681e-01
2.162097196173649594e-01
2.127013347901512419e-01
2.089164411354971496e-01
2.049446476059390565e-01
2.008900107654640332e-01
1.968526676090166239e-01
1.929163236190857000e-01
1.891423569411085914e-01
1.855691442337790986e-01
1.822146145158192732e-01
1.790803105014149021e-01
1.761557810421018055e-01
1.734226259869597608e-01
1.708578714041420754e-01
1.684365796745499744e-01
1.661337323110138597e-01
1.639254942483155675e-01
1.617899970624525063e-01
1.597077786901818508e-01
1.576619988750377621e-01
1.556385208292496991e-01
1.536259167810254955e-01
1.516154241082637022e-01
1.496008547764065555e-01
1.475784471805964559e-01
1.455466473162521368e-01
1.435058138935151884e-01
1.414578555356798828e-01
1.394058222465729135e-01
1.373534831325063932e-01
1.353049252397096613e-01
1.332642042299087004e-01
1.312350684170666970e-01
1.292207662978477611e-01
1.272239368303168805e-01
1.252465732080628447e-01
1.232900455618898272e-01
1.213551658447795667e-01
1.194422785131252773e-01
1.175513626797041050e-01
1.156821343729493162e-01
1.138341407427930357e-01
1.120068410602260839e-01
1.101996719127315977e-01
1.084120959978473325e-01
1.066436353605315357e-01
1.048938908634889505e-01
1.031625502062914479e-01
1.014493870089206717e-01
9.975425343307117720e-02
9.807706860506669455e-02
9.641780479053789488e-02
9.477647290456450713e-02
9.315310856194129741e-02
9.154775951067108120e-02
8.996047496853189218e-02
8.839129711013728186e-02
8.684025473614358226e-02
8.530735899714091131e-02
8.379260093828617972e-02
8.229595057004811254e-02
8.081677916012158791e-02
7.935326601678553693e-02
7.790249795985573766e-02
7.646119310828432269e-02
7.502653519205605692e-02
7.359671978185766683e-02
7.217110991220283822e-02
7.075009692418270102e-02
6.933481714698598586e-02
6.792684564436325678e-02
6.652793576863455516e-02
6.513982957315636591e-02
6.376413765372648812e-02
6.240227507192860207e-02
6.105543723874070489e-02
5.972460139824838088e-02
5.841054269932338672e-02
5.711385723140202653e-02
5.583498719018289286e-02
5.457424538515420753e-02
5.333183769271462177e-02
5.210788294348148858e-02
5.090243023624365509e-02
4.971547390430300362e-02
4.854696642890518610e-02
4.739682958947957769e-02
4.626496411989507868e-02
4.515125812778796738e-02
4.405559453199745651e-02
4.297785777453314721e-02
4.191794006265307793e-02
4.087574739203149454e-02
3.985120559587976979e-02
3.884426666099908415e-02
3.785491555438098149e-02
3.688317781639092324e-02
3.592912820161306420e-02
3.499290068780196855e-02
3.407470022834444695e-02
3.317481669445179748e-02
3.229364153845265539e-02
3.143168780443574006e-02
3.058961420549325544e-02
2.976825405453685167e-02
2.896864983247664574e-02
2.819209402216600949e-02
2.744017639109637072e-02
2.671483695521891313e-02
2.601842210063488869e-02
2.535373844062406568e-02
2.472409473945887462e-02
2.413331696425619413e-02
2.358571667659564719e-02
2.308599155103031528e-02
2.263904276719917036e-02
2.224970981001797923e-02
2.192244628088002231e-02
2.166098196973548565e-02
2.146802585903517108e-02
2.134505629137736435e-02
2.129222221537220572e-02
2.130835382383486007e-02
2.139106202238365978e-02
2.153689834168950185e-02
2.174154849680362198e-02
2.200003917757572744e-02
2.230694446354144003e-02
2.265658313124723280e-02
2.304320074720680664e-02
2.346113166321811896e-02
2.390493860020271449e-02
2.436952777824453326e-02
2.485023629398785960e-02
2.534288920998829797e-02
2.584382704034815861e-02
2.634990781721191153e-02
2.685848990163983499e-02
2.736740187220947432e-02
2.787490483855773957e-02
2.837965115252692391e-02
2.888039054417087040e-02
2.937573815022525778e-02
2.986425521221066151e-02
3.034473114853628375e-02
3.081644021645668641e-02
3.127924865098337392e-02
3.173357329234672425e-02
3.218025200745552178e-02
3.262038817299420940e-02
3.305520955686061524e-02
3.348595902569546229e-02
3.391381911890808953e-02
3.433986492324041934e-02
3.476503737361976570e-02
3.519012959402998547e-02
3.561578047138278663e-02
3.604247139471002115e-02
3.647052358464399763e-02
3.690009456933031340e-02
3.733117315479948101e-02
3.776357276117857376e-02
3.819692332753461123e-02
3.863066219297731779e-02
3.906402448921636461e-02
3.949603366416438999e-02
3.992549281858105009e-02
4.035097758956201347e-02
4.077083135981578871e-02
4.118316360871564219e-02
4.158585224519416312e-02
4.197655076565069698e-02
4.235270105225072412e-02
4.271155255702380887e-02
4.305018849315624119e-02
4.336555946583828258e-02
4.365452471271256962e-02
4.391390078458053126e-02
4.414051708422294523e-02
4.433127720775881936e-02
4.448322452332108268e-02
4.459360984390699223e-02
4.465995851262757887e-02
4.468013390840634702e-02
4.465239435962813780e-02
4.457544064173087073e-02
4.444845154702638246e-02
4.427110544793068370e-02
4.404358638091274841e-02
4.376657399231826534e-02
4.344121767745880158e-02
4.306908049366680452e-02
4.265203738402327527e-02
4.219213957088337186e-02
4.169148427428397141e-02
4.115212943218242436e-02
4.057607002315068156e-02
3.996526588497786164e-02
3.932169579368929857e-02
3.864741185586894473e-02
3.794457667452431210e-02
3.721547646216367272e-02
3.646251176125437504e-02
3.568817208905884775e-02
3.489500204922658944e-02
3.408556548853323293e-02
3.326241241658465381e-02
3.242805159791101871e-02
3.158493040328659573e-02
3.073542259263041532e-02
2.988182386560046463e-02
2.902622946258450951e-02
2.817024735962283047e-02
2.731471391794039819e-02
2.645962878606909416e-02
2.560437925857957098e-02
2.474815307727133706e-02
2.389036960489542005e-02
2.303099513126993445e-02
2.217068813435247795e-02
2.131078983506257477e-02
2.045321222064877542e-02
1.960027938071381981e-02
1.875456393041868841e-02
1.791874276980526953e-02
1.709548206712715318e-02
1.628735185497784052e-02
1.549676569393309417e-02
1.472593938637791443e-02
1.397686334298901475e-02
1.325128468978607581e-02
1.255069671427788691e-02
1.187633436705765738e-02
1.122917516473745381e-02
1.060994507143439049e-02
1.001912892372648980e-02
9.456984851604613093e-03
8.923562029507454973e-03
8.418721009777604611e-03
7.942155849575265394e-03
7.493417229226756980e-03
7.071932742233943969e-03
6.677021770345575521e-03
6.307907558483789347e-03
5.963731811755527273e-03
5.643575032555832663e-03
5.346481666709479441e-03
5.071486244033765467e-03
4.817636261720754584e-03
4.584008910574011685e-03
4.369720673472179615e-03
4.173930437077417836e-03
3.995837690249634706e-03
3.834677665130658327e-03
3.689715111990083968e-03
3.560238009226605882e-03
3.445552064240204031e-03
3.344976460368508445e-03
3.257840995166701777e-03
3.183484543889754294e-03
3.121254658342043162e-03
3.070508320787536730e-03
3.030613729324430419e-03
3.000952559648231710e-03
2.980922018205436289e-03
2.969936297880933739e-03
2.967427453158734841e-03
2.972845944721824642e-03
2.985661114528902985e-03
3.005361737683712522e-03
3.031456666724836446e-03
3.063475490261695789e-03
3.100969077409188729e-03
3.143509869675651432e-03
3.190691815978153809e-03
3.242129918215177348e-03
3.297459441960299935e-03
3.356334917505106926e-03
3.418429087352307418e-03
3.483431942166649326e-03
3.551049940452809944e-03
3.620296570551671724e-03
3.688626913375067391e-03
3.751902253095246251e-03
3.805286036080959139e-03
3.844445640315818750e-03
3.866443453121991107e-03
3.870076927517604026e-03
3.855747710399971134e-03
3.825067350502431469e-03
3.780391826837573802e-03
3.724406575367141502e-03
3.659814658117492309e-03
3.589134315152140396e-03
3.514588701161917503e-03
3.438063131004367827e-03
3.361106378313914039e-03
3.284957344681178806e-03
3.210583816167484651e-03
3.138724707094831760e-03
3.069930741394313791e-03
3.004600978045034350e-03
2.943014159515091981e-03
2.885354791605229847e-03
2.831734357667914630e-03
2.782208290126285399e-03
2.736789378806182057e-03
2.695458264313691128e-03
2.658171591254922597e-03
2.624868308643246197e-03
2.595474518203793202e-03
2.569907193145671946e-03
2.548077022937478026e-03
2.529890584254505803e-03
2.515251993680453491e-03
2.504064162142512814e-03
2.496229743540352968e-03
2.491651848341255859e-03
2.490234576524777161e-03
2.491883411356010311e-03
2.496505506006680992e-03
2.504010366893340885e-03
2.514311401930431188e-03
2.527328006591850890e-03
2.542987209856354975e-03
2.561224007246654197e-03
2.581980148664424733e-03
2.605201787067985136e-03
2.630836699860529884e-03
2.658831752393945279e-03
2.689131033691323155e-03
2.721674820248834881e-03
2.756399312885229533e-03
2.793236973470739938e-03
2.832117251526666563e-03
2.872967506847966083e-03
2.915713976333461025e-03
2.960282681536282115e-03
3.006600216848725939e-03
3.054594391799451275e-03
3.104194724246332401e-03
3.155316653241287041e-03
3.207812093841172670e-03
3.261395901528169224e-03
3.315582755402965952e-03
3.369666230696923264e-03
3.422749387032201097e-03
3.473816052669384709e-03
3.521823739507117315e-03
3.565799177743820235e-03
3.604920734350672892e-03
3.638576784958683259e-03
3.666395050800292169e-03
3.688243894768713452e-03
3.704211106119952024e-03
3.714567931416601614e-03
3.719726145106686671e-03
3.720194542489617048e-03
3.716539240502930112e-03
3.709350231326740462e-03
3.699215088240756337e-03
3.686699666864401686e-03
3.672335027678535774e-03
3.656609523143943864e-03
3.639964933492051760e-03
3.622795609828007371e-03
3.605449724715748937e-03
3.588231896075614637e-03
3.571406613497853707e-03
3.555202042886771319e-03
3.539813909201672878e-03
3.525409256733176566e-03
3.512129963075984532e-03
3.500095939843342416e-03
3.489407993265671026e-03
3.480150344948737540e-03
3.472392830176523806e-03
3.466192800633822145e-03
3.461596763204818298e-03
3.458641787254907243e-03
3.457356711854243057e-03
1.293177409434164739e-02
2.982246871182751141e-02
4.911517802898242302e-02
6.734541635188551201e-02
8.293217736876268287e-02
9.548348554554608736e-02
1.051886922165454485e-01
1.124576258040943244e-01
1.177397737526801186e-01
1.214460798470554520e-01
1.239227611536349027e-01
1.254490880252774054e-01
1.262448089847742483e-01
1.264803786458735257e-01
1.262869791257344443e-01
1.257652006218682450e-01
1.249921156962263691e-01
1.240268500217723557e-01
1.229148805716367004e-01
1.216913118330805454e-01
1.202558036438299838e-01
1.185663421103572979e-01
1.166704393393034750e-01
1.146508540255265218e-01
1.125835386869090821e-01
1.105227318107072643e-01
1.085013109166240303e-01
1.065361496746574932e-01
1.046336933303260164e-01
1.027942620720652261e-01
1.010149651450089198e-01
9.929151648569221889e-02
9.761928377035386517e-02
9.599384081513974432e-02
9.441121790529326263e-02
9.286798029710341407e-02
9.136121676001751624e-02
8.988848663923523774e-02
8.844775246294321602e-02
8.703731213127967326e-02
8.565544333605987215e-02
8.429983645066153886e-02
8.296724111891023989e-02
8.165358865176432224e-02
8.035449833941259168e-02
7.906589493906093780e-02
7.778450150875181046e-02
7.650810126917435838e-02
7.523557528339031020e-02
7.396678074359250288e-02
7.270209656425026534e-02
7.144192532077869862e-02
7.018650206275707515e-02
6.893602490263167626e-02
6.769090216462834986e-02
6.645193028869560148e-02
6.522033361117655914e-02
6.399768820395741742e-02
6.278578559803107972e-02
6.158648687105822833e-02
6.040159822414593871e-02
5.923278083147161255e-02
5.808149558184159261e-02
5.694897719077519210e-02
5.583623016373296527e-02
5.474403937818236171e-02
5.367298932638465275e-02
5.262348757129590993e-02
5.159578935017396922e-02
5.059002137622008871e-02
4.960620371981989962e-02
4.864426923135505704e-02
4.770408034887856086e-02
4.678544336728637787e-02
4.588812037512141062e-02
4.501183912516926178e-02
4.415630112088848175e-02
4.332118819092507095e-02
4.250616780001244960e-02
4.171089731495445513e-02
4.093502819128738701e-02
4.017821051191591136e-02
3.944009705205896860e-02
3.872034571658421881e-02
3.801861992262926815e-02
3.733458739609796240e-02
3.666791827993212682e-02
3.601828337239025568e-02
3.538535297912375616e-02
3.476879651863017118e-02
3.416828278727363638e-02
3.358348068343626480e-02
3.301406017662881359e-02
3.245969334381150484e-02
3.192005534862035060e-02
3.139482529055907106e-02
3.088368689173669537e-02
3.038632901693293434e-02
2.990244603967536288e-02
2.943173807580634280e-02
2.897391110888648813e-02
2.852867703124317006e-02
2.809575362192928000e-02
2.767486447963580024e-02
2.726573892501946844e-02
2.686811188382796575e-02
2.648172375928105338e-02
2.610632029996338629e-02
2.574165246750703684e-02
2.538747630700509753e-02
2.504355282199121485e-02
2.470964785496135990e-02
2.438553197393095867e-02
2.407098036509248279e-02
2.376577273134818091e-02
2.346969319642762050e-02
2.318253021407679776e-02
2.290407648190085493e-02
2.263412885934215635e-02
2.237248828933318182e-02
2.211900498724283029e-02
2.187353379736356462e-02
2.163578343807568555e-02
2.140517346401532919e-02
2.118079338199180955e-02
2.096147488025950842e-02
2.074593041577633273e-02
2.053290020646507744e-02
2.032126752432173236e-02
2.011012729223266363e-02
1.989881231408413900e-02
1.968689044878132663e-02
1.947414597838766082e-02
1.926055381554314314e-02
1.904625048969394926e-02
1.883150325045037168e-02
1.861667806666783900e-02
1.840220770218540386e-02
1.818856144738997815e-02
1.797621805949797119e-02
1.776498729206351865e-02
1.755303426537353426e-02
1.733647708886549427e-02
1.710990351876244889e-02
1.686748725943596275e-02
1.660414928816956667e-02
1.631634942455376797e-02
1.600235064111803912e-02
5.067555206187932676e-03
4.786039019482113584e-03
4.514145571023029865e-03
4.251884462911497374e-03
3.999169606295392698e-03
3.755799006036327024e-03
3.521455975429209351e-03
3.295728349262926678e-03
3.078138183475974659e-03
2.868175706367506739e-03
2.665334164754900800e-03
2.469143724986879156e-03
2.279202482531564322e-03
2.095201961098193746e-03
1.916944200771819595e-03
1.744348150261507396e-03
1.577444591721364944e-03
1.416360755909743408e-03
1.261297442647001934e-03
1.112502337391370289e-03
9.702431867709683478e-04
8.347837744872077309e-04
7.063645794149296794e-04
5.851889257874279965e-04
4.714145618133850084e-04
3.651500135268143381e-04
2.664547498284331297e-04
1.753421074932498048e-04
9.178399069488777805e-05
1.571651191069734741e-05
-5.295407186571521004e-05
-1.143455878068900123e-04
-1.685946368697206624e-04
-2.158519079614754045e-04
-2.562781810225334719e-04
-2.900410146613981773e-04
-3.173120706535770513e-04
-3.382650037448056549e-04
-3.530738354951919915e-04
-3.619117306192426485e-04
-3.649500997413533676e-04
-3.623579610913142267e-04
-3.543015034533872776e-04
-3.409438024652679733e-04
-3.224446514701099185e-04
-2.989604761740356645e-04
-2.706443091403911349e-04
-2.376458058394158724e-04
-2.001112885116662675e-04
-1.581838077257528732e-04
-1.120032142920760729e-04
-6.170623637333526096e-05
-7.426558217152708732e-06
5.070510183599748980e-05
1.125609155652544500e-04
1.780158721708619354e-04
2.469477090727181497e-04
3.192368463536759222e-04
3.947663247699930789e-04
4.734217471436901435e-04
5.550912228714711310e-04
6.396653152623308714e-04
7.270369914047093273e-04
8.171015742665569239e-04
9.097566967429382553e-04
1.004902257425879884e-03
1.102440377826112081e-03
1.202275360881485764e-03
1.304313650556814452e-03
1.408463792387443193e-03
1.514636394826368625e-03
1.622744091307288302e-03
1.732701502889662541e-03
1.844425201456993246e-03
1.957833673358184284e-03
2.072847283468195589e-03
2.189388239612922830e-03
2.307380557324508093e-03
2.426750024903300430e-03
2.547424168758929530e-03
2.669332219029241747e-03
2.792405075449562370e-03
2.916575273479794176e-03
3.041776950676837107e-03
3.167945813328595147e-03
3.295019103329552539e-03
3.422935565340466928e-03
3.551635414203397310e-03
3.681060302664631526e-03
3.811153289390498827e-03
3.941858807322369887e-03
4.073122632367098990e-03
4.204891852485478573e-03
4.337114837167457305e-03
4.469741207360438881e-03
4.602721805873207297e-03
4.736008668286758282e-03
4.869554994434629157e-03
5.003315120486508290e-03
5.137244491673937687e-03
5.271299635725682289e-03
5.403013627036324686e-03
5.525738705856269792e-03
5.629879308376678319e-03
5.705897085859184051e-03
5.746926812431466143e-03
5.749945946992376239e-03
5.715609362664545064e-03
5.647340231099184753e-03
5.550227745743508204e-03
5.430060956943759919e-03
5.292628968600990823e-03
5.143288770427733962e-03
4.986743418941536922e-03
4.826963681358297127e-03
4.667198254235461682e-03
4.510033448025082409e-03
4.357476217275400680e-03
4.211043866413697115e-03
4.071850453627778692e-03
3.940684575918307689e-03
3.818076003092568844e-03
3.704349989886113192e-03
3.599669079279846796e-03
3.504063513245029345e-03
3.417452761120588073e-03
3.339661503340785563e-03
3.270433289748085007e-03
3.209444145954548893e-03
3.156317070819762444e-03
3.110637150352227494e-03
3.071966259930406385e-03
3.039856151228315095e-03
3.013859019360470067e-03
2.993535195746617559e-03
2.978458180208297303e-03
2.968217645819250499e-03
2.962421247489059866e-03
2.960696044029236494e-03
2.962690156304527943e-03
2.968075003813178646e-03
2.976548160794712915e-03
2.987836610494187112e-03
3.001699994628945212e-03
3.017933375174705092e-03
3.036369047803025561e-03
3.056877052763463682e-03
3.079364190628149783e-03
3.103771532664196565e-03
3.130070586761192573e-03
3.158258414569159542e-03
3.188352078972385255e-03
3.220382828939695897e-03
3.254390406339949336e-03
3.290417798440952585e-03
3.328506675394976230e-03
3.368693659469647588e-03
3.411007484669423273e-03
3.455467030908241071e-03
3.502080160742014180e-03
3.550843250273439267e-03
3.601741287206057431e-03
3.654748405506155762e-03
3.709828733067650069e-03
3.766937442948568599e-03
3.826021916278083985e-03
3.887022943577371145e-03
3.949875909031992302e-03
4.014511918059117564e-03
4.080858841959172228e-03
4.148842264221797027e-03
4.218386321379350400e-03
4.289414437508044624e-03
4.361849955718556486e-03
4.435616672935586459e-03
4.510639285827850418e-03
4.586843756736299661e-03
4.664157608557234491e-03
4.742510157418083905e-03
4.821832691455433563e-03
4.902058603417865090e-03
4.983123581096674144e-03
5.064966033720400343e-03
5.147527828889132510e-03
5.230755196102207516e-03
5.314599501392903470e-03
5.399017611712144359e-03
5.483971710534401960e-03
5.569428599279639333e-03
5.655358643838912826e-03
5.741734573261024661e-03
5.828461693657659148e-03
5.915222457158744382e-03
6.001327862080681023e-03
6.085682726375930135e-03
6.166893566990366664e-03
6.243467563487758130e-03
6.314023166909421385e-03
6.377451528574105619e-03
6.433003398794476246e-03
6.480305621884958032e-03
6.246563263587670035e-03
5.479943480995750314e-03
4.133573362113553314e-03
2.325851317021908598e-03
2.380650128729098287e-04
-1.957911728988188937e-03
-4.130172281295287941e-03
-6.190973989666116208e-03
-8.089526522124338218e-03
-9.802010132246475813e-03
-1.132257450741675983e-02
-1.265642799069617574e-02
-1.381498294690454258e-02
-1.481264832143845689e-02
-1.566481806796904755e-02
-1.638667762370011813e-02
-1.699254661950164169e-02
-1.749556055363886767e-02
-1.790755887058539247e-02
-1.823909302619066905e-02
-1.849949965302579921e-02
-1.869700488648064901e-02
-1.883883953059122679e-02
-1.893135343054675943e-02
-1.898012285307915450e-02
-1.899004799479481198e-02
-1.896543970032323057e-02
-1.891009557617352732e-02
-1.882736625791509022e-02
-1.872021283793025986e-02
-1.859125652321057948e-02
-1.844282155188738115e-02
-1.827697230596871114e-02
-1.809554544694635947e-02
-1.790017778867286982e-02
-1.769233051713819949e-02
-1.747331027395589501e-02
-1.724428754043572792e-02
-1.700631269167181270e-02
-1.676033003380318284e-02
-1.650719009086900821e-02
-1.624766036893281543e-02
-1.598243479300799283e-02
-1.571214198539065687e-02
-1.543735253145520764e-02
-1.515858535980801718e-02
-1.487631334742466928e-02
-1.459096824633788168e-02
-1.430294501640752905e-02
-1.401260563808913451e-02
-1.372028247005283898e-02
-1.342628120837304449e-02
-1.313088349706861314e-02
-1.283434923349656594e-02
-1.253691860678407717e-02
-1.223881390256709167e-02
-1.194024110330125198e-02
-1.164139130952318059e-02
-1.134244200441001174e-02
-1.104355818100618072e-02
-1.074489334910206859e-02
-1.044659043652380014e-02
-1.014878259776724398e-02
-9.851593941173349828e-03
-9.555140184475121104e-03
-9.259529247249835907e-03
-8.964861787732512216e-03
-8.671231690462773492e-03
-8.378726510472578673e-03
-8.087427878938709472e-03
-7.797411874620678585e-03
-7.508749364875219774e-03
-7.221506319552932658e-03
-6.935744100649581315e-03
-6.651519730281631876e-03
-6.368886139187664684e-03
-6.087892397723210398e-03
-5.808583931070014465e-03
-5.531002720165438709e-03
-5.255187489710017035e-03
-5.171938075143169521e-03
-5.210504645542032506e-03
-5.277791170865023078e-03
-5.321502139468740032e-03
-5.321537916402020556e-03
-5.274851977420496642e-03
-5.185790253501809839e-03
-5.061115788968956718e-03
-4.907731005580817304e-03
-4.731773326612488673e-03
-4.538360617706327024e-03
-4.331619222508620130e-03
-4.114816797885541798e-03
-3.890518385334971758e-03
-3.660731551984867504e-03
-3.427028956247156477e-03
-3.190646800978557893e-03
-2.952561699085706672e-03
-2.713549703607643498e-03
-2.474231237899858580e-03
-2.235105170368849054e-03
-1.996574667929438846e-03
-1.758966884731711765e-03
-1.522548052317705593e-03
-1.287535144062876020e-03
-1.054104982358061151e-03
-8.224014267963908201e-04
-5.925411106867691348e-04
-3.646180677657907387e-04
-1.387074999700764737e-04
8.513112849202264043e-05
3.068515326605869369e-04
5.264184795913961785e-04
7.438060123610170087e-04
9.589959629046181577e-04
1.171976704194503628e-03
1.382742101919934036e-03
1.591290633110800743e-03
1.797624644865168262e-03
2.001749730790248344e-03
2.203674206411124388e-03
2.403408667839248853e-03
2.600965620360830202e-03
2.796359165806836140e-03
2.989604739232268153e-03
3.180718886976877709e-03
3.369719079413591774e-03
3.556623552767335453e-03
3.741451175303112109e-03
3.924221333925693826e-03
4.104953837915397384e-03
4.283668837012559981e-03
4.460386751584014854e-03
4.635128212926531086e-03
4.807914012112638955e-03
4.978765056062116334e-03
5.147702329695161456e-03
5.314746863258554450e-03
5.479919704037532896e-03
5.643241891806293972e-03
5.793623695235165794e-03
5.914536076177337627e-03
5.994714678374070405e-03
6.032464543249347819e-03
6.033946297372494785e-03
6.009414607771181721e-03
5.969968295815953306e-03
5.925566103390952216e-03
5.884151340533632334e-03
5.851492705874135856e-03
5.831398785485342358e-03
5.826079660807815218e-03
5.836528654519715018e-03
5.862863799569299067e-03
5.904607354551713594e-03
5.960901773021960032e-03
6.030669512758800484e-03
6.112727005162646443e-03
6.205863054369528675e-03
6.308890617377415841e-03
6.420684692337785479e-03
6.540209148174064117e-03
6.666528940878661130e-03
6.798807963148828515e-03
6.936298059478437396e-03
7.078325748652723910e-03
7.224280873970721772e-03
7.373608557166387925e-03
7.525804018471838296e-03
7.680409184500910230e-03
7.836969842505819503e-03
7.994949975236078851e-03
8.153652200257989827e-03
8.312192596006772946e-03
8.469541291152597393e-03
8.624606776057204549e-03
8.776330305564057285e-03
8.923763963789022036e-03
9.066120892106066531e-03
9.202799167423784260e-03
9.333387110046406296e-03
9.457657716748862908e-03
9.575556742877459893e-03
9.687185996761299434e-03
9.792782173903804427e-03
9.892691825310299600e-03
9.987343880102741642e-03
1.007722173884488710e-02
1.016283700929203164e-02
1.024470654221970589e-02
1.032333377481706865e-02
1.039919472736182404e-02
1.047272846647961421e-02
1.054433149822068920e-02
1.061435537827495543e-02
1.068310678641902142e-02
1.075084936186220842e-02
1.081780669461815045e-02
1.088416598526508600e-02
1.095008200125269053e-02
1.101569022212866081e-02
1.108112330518829479e-02
1.114651840530798792e-02
1.121201186925206011e-02
1.127772699602027848e-02
1.134376233637693701e-02
1.141018494445093269e-02
1.147702937305998018e-02
1.154430104938561179e-02
1.161198204747983589e-02
1.168003755073109516e-02
1.174842187988272418e-02
1.181708351442429736e-02
1.188596893340417536e-02
1.195502533826732147e-02
1.202420243297559581e-02
1.209345346960563096e-02
1.216273575668391956e-02
1.223201079679367941e-02
1.230124418411630491e-02
1.237037207507768119e-02
1.243923442019954397e-02
1.250751864834997833e-02
1.257475157628795345e-02
1.264034243226722781e-02
1.270365399907744282e-02
1.276407437692059742e-02
1.282107123942581410e-02
1.287422279208446686e-02
1.292322842114543464e-02
1.296790502319841373e-02
1.300817395428278955e-02
1.304404186305973233e-02
1.307557826597513517e-02
1.310289308876619839e-02
1.312611726698527034e-02
1.314538835825620686e-02
1.316084140812100352e-02
1.317260388672754183e-02
1.318079300366212410e-02
1.319799582828534018e-02
1.321976433964959508e-02
1.323985102357355149e-02
1.325465090106880441e-02
1.326268837018873548e-02
1.326363620455911670e-02
1.325770095888023463e-02
1.324531271999431631e-02
1.322698487511107801e-02
1.320325772726854696e-02
1.317467940786108682e-02
1.314180052541436862e-02
1.310517154965564271e-02
1.306533865785718292e-02
1.302283721259990014e-02
1.297818360279606384e-02
1.293186668289327337e-02
1.288433998796224486e-02
1.283601559054204852e-02
1.278726007994685464e-02
1.273839278761276089e-02
1.268968610205333664e-02
1.264136753176098305e-02
1.259362307993572641e-02
1.254660147662406237e-02
1.250041885045582828e-02
1.245516349180520420e-02
1.241090044337931318e-02
1.236767573785673910e-02
1.232552017640512441e-02
1.228445260167983916e-02
1.224448266335370801e-02
1.220561310406160539e-02
1.216784161166228027e-02
1.213116229235348432e-02
1.209556682119911769e-02
1.206104532437168343e-02
1.202758704264461631e-02
1.199518081955357716e-02
1.196381545121741677e-02
1.193347992882424699e-02
1.190416359891286607e-02
1.187585626182106890e-02
1.184854822441939147e-02
1.182223031971916215e-02
1.179689390310509865e-02
1.177253083266466098e-02
1.174913343918394630e-02
1.172669449003812571e-02
1.170520714996530799e-02
1.168493727161991867e-02
1.166622863470504444e-02
1.164918625863275992e-02
1.163353613878048698e-02
1.161866169766812874e-02
1.160372439708437682e-02
1.158779788569832235e-02
1.156998090929677384e-02
1.154947705117151044e-02
1.152564111630603044e-02
1.149799748706620273e-02
1.146623782330496999e-02
1.143020547916800793e-02
1.138987288386329386e-02
1.134531656029175335e-02
1.129669288722207759e-02
1.124421639427692667e-02
1.118814140042219407e-02
1.112874715394278000e-02
1.106632624457844737e-02
1.100117586527648607e-02
1.093359143536236713e-02
1.086386210824928471e-02
1.079226773767131414e-02
1.071907694335461070e-02
1.064454598582328243e-02
1.056891822269320248e-02
1.049242397270228229e-02
1.041528065751529293e-02
1.033769312602409243e-02
1.025985409254377007e-02
1.018194464039405729e-02
1.010413475726462673e-02
1.002658387950206009e-02
9.949441430436514397e-03
9.872847343130600889e-03
9.796932561973184517e-03
9.721819520071641602e-03
9.647622591225979427e-03
9.574448516324619504e-03
9.502396808091971570e-03
9.431560144210834537e-03
9.362024761353508057e-03
9.293870856402252148e-03
9.227172988643526919e-03
9.162000465465730201e-03
9.098417689636859040e-03
9.036484450391417747e-03
8.976256150256073374e-03
8.917783970640504043e-03
8.861114988078903215e-03
8.806292257909052040e-03
8.753354882904284054e-03
8.702338082033102967e-03
8.653273270491000646e-03
8.606188157600567004e-03
8.561106864990529475e-03
8.518050064370334684e-03
8.477035131836273621e-03
8.438076314601312966e-03
8.401184905575141693e-03
8.366369421323642877e-03
8.333635779540203917e-03
8.302987472844762865e-03
8.274425736434836906e-03
8.247949707863770283e-03
8.223556577942438620e-03
8.201241732113520588e-03
8.180998882255791083e-03
8.162820189071152283e-03
8.150192685884774871e-03
8.154474680293337385e-03
8.196058949684425707e-03
8.301318692252819542e-03
8.497263979615558502e-03
8.806472997663459742e-03
9.243881399938447610e-03
9.815755373430845934e-03
1.052037681951784737e-02
1.134971508083076897e-02
1.215123572898031169e-02
1.274830680856060480e-02
1.306066278692456263e-02
1.311402784759676220e-02
1.299343032763745041e-02
1.279704206634736836e-02
1.260956888546063692e-02
1.249289818576727364e-02
1.248667847394479592e-02
1.261298876257635135e-02
1.288176421886026886e-02
1.329546536938119167e-02
1.385248264043512263e-02
1.454923519768489340e-02
1.538112901499060804e-02
1.634265039833046260e-02
1.742693956577051617e-02
1.862519898623905476e-02
1.992622686651734920e-02
2.131624717604125793e-02
2.277907991357453268e-02
2.429660050702142637e-02
2.584939197951208190e-02
2.741748995170489173e-02
2.898113920693288700e-02
3.052150360761853379e-02
3.202128917831349036e-02
3.346525190436144132e-02
3.484057028162135944e-02
3.613707123050409475e-02
3.734730809884488634e-02
3.846650047482275819e-02
3.949235562556552281e-02
4.042479877737974875e-02
4.126564310393587842e-02
4.201823008557371147e-02
4.268706751942333288e-02
4.327748699668795829e-02
4.379533629879658191e-02
4.424671590191452814e-02
4.463755814363763730e-02
4.497317172399673685e-02
4.525803543912068627e-02
4.549592345452079661e-02
4.569022016956948012e-02
4.584423160725230317e-02
4.596137554483042259e-02
4.604522852681696560e-02
4.609946721436162381e-02
4.612775852333664967e-02
4.613364404466505087e-02
4.612044637349081710e-02
4.609120845769795749e-02
4.604866575080839020e-02
4.599524490089795803e-02
4.593308055777121923e-02
4.586404212470082675e-02
4.578976375946226807e-02
4.571167288471559426e-02
4.563101443702269333e-02
4.554503633279526065e-02
4.544314813884402227e-02
4.530780077486786656e-02
4.511955097531858416e-02
4.486259608622400474e-02
4.452767972573045546e-02
4.411150369176901342e-02
4.361388532463521261e-02
4.303499085007525538e-02
4.237444244222873108e-02
4.163247854447359175e-02
4.081214594924501005e-02
3.992132419140924371e-02
3.897372417723697635e-02
3.798856523521416950e-02
3.698912404103749801e-02
3.600056012294918645e-02
3.504747210814004171e-02
3.415163491721841943e-02
3.333028726510607609e-02
3.274525914165822560e-02
3.230144988509393855e-02
3.193619550374811322e-02
3.162588603136803900e-02
3.136278695927993687e-02
3.114332698630133470e-02
3.096400388448671340e-02
3.082046002932654558e-02
3.070765311444961093e-02
3.062029134565091154e-02
3.055323207827250268e-02
3.050175866844145878e-02
3.046173403391931947e-02
3.042965723295204192e-02
3.040265388706037131e-02
3.037842695024643713e-02
3.035518760734728580e-02
3.033157968844442040e-02
3.030660586468535839e-02
3.027956018180848891e-02
3.056811568038572680e-02
3.155697595755943552e-02
3.343240207511899431e-02
3.614133099476437433e-02
3.948171306377569467e-02
4.320566115739439550e-02
4.708633816879419232e-02
5.094687009507851277e-02
5.466471869440046871e-02
5.816428325603256039e-02
6.140583422628690530e-02
6.437484009527705275e-02
6.707324277791186506e-02
6.951295418603219145e-02
7.171130551261990782e-02
7.368802280709031705e-02
7.546331538043006548e-02
7.705673715160679671e-02
7.848656429324804562e-02
7.976950540890932750e-02
8.092061742463965701e-02
8.195334210840261868e-02
8.287960765472142388e-02
8.370996032147022536e-02
8.445370518859551812e-02
8.511904443465573289e-02
8.571320733084515642e-02
8.624256946062770768e-02
8.671276037528129199e-02
8.712875969556359290e-02
8.749498204438095617e-02
8.781535140798281402e-02
8.809336568094390529e-02
8.833215227446405970e-02
8.853451574943288493e-02
8.870297846921462726e-02
8.883981525671307000e-02
8.894708299241969873e-02
8.902664600819187868e-02
8.908019801804087368e-02
8.910442653412956049e-02
8.909158129488986555e-02
8.903469664695896901e-02
8.893128024146111643e-02
8.878371234941968837e-02
8.859771798114200736e-02
8.838048199049927667e-02
8.813920277627904087e-02
8.788025316699929479e-02
8.760883274942891930e-02
8.732893283221093705e-02
8.704346438815706299e-02
8.675444928061712413e-02
8.646321791214948982e-02
8.617058578156362725e-02
8.587699900105366657e-02
8.558264815759183963e-02
8.528755415315274202e-02
8.499163106274280899e-02
8.469473101848434826e-02
8.439660570394293126e-02
8.409680503367673865e-02
8.379461195470884471e-02
8.348907588564453974e-02
8.317912998746984643e-02
8.286373740529726084e-02
8.254201747670637801e-02
8.221332812168968829e-02
8.187730269846464626e-02
8.153385089911227568e-02
8.118313570781734989e-02
8.082553651459779831e-02
8.046160551982291242e-02
8.009202212730473502e-02
7.971754842185925505e-02
7.933898785180376612e-02
7.895714859837714428e-02
7.857281261504307779e-02
7.818671087271726605e-02
7.779950493689297142e-02
7.741177464533585684e-02
7.702401137076592130e-02
7.663661615315690845e-02
7.624990187121412355e-02
7.586409858222344094e-02
7.547936117896415775e-02
7.509577857496520237e-02
7.471338372010993822e-02
7.433216385530258541e-02
7.395207052795534086e-02
7.357302900256580680e-02
7.319494680666492614e-02
7.281772124815788505e-02
7.244124582240796251e-02
7.206541549498225729e-02
7.169013089842320163e-02
7.131530151959689090e-02
7.094084797941573040e-02
7.056670352106086952e-02
7.019281482817484041e-02
6.981914229294977625e-02
6.944565984732863073e-02
6.907235446044640570e-02
6.869922539325226674e-02
6.832628328809919882e-02
6.795354915793518080e-02
6.758105332707504964e-02
6.720883436397567801e-02
6.683693803611374940e-02
6.646541630816986401e-02
6.609432639730723757e-02
6.572372989331604076e-02
6.535369194670766213e-02
6.498428052441955483e-02
6.461556573045972030e-02
6.424761918739674282e-02
6.388051347404066771e-02
6.351432161460580927e-02
6.314911661510903829e-02
6.278497104337854573e-02
6.242195664983959946e-02
6.206014402695813476e-02
6.169960230585404271e-02
6.134039888898649290e-02
6.098259921814028900e-02
6.062626657691089216e-02
6.027146192687463794e-02
5.991824377634266674e-02
5.956666808035182559e-02
5.921678817023783709e-02
5.886865471076572348e-02
5.852231568261066080e-02
5.817781638766244406e-02
5.783519947459880850e-02
5.749450498199659004e-02
5.715577039631610651e-02
5.681903072215768735e-02
5.648431856228600806e-02
5.615166420508532069e-02
5.582109571736669495e-02
5.549263908816791380e-02
5.516631848980376590e-02
5.484215665653963817e-02
5.452017528955808295e-02
5.420039536308535189e-02
5.388283724721651402e-02
5.356752063689158849e-02
5.325446433739600138e-02
5.294368598312396146e-02
5.263520176153619473e-02
5.232902619209928857e-02
5.202517198432313889e-02
5.172364997800432684e-02
5.142446915537070284e-02
5.112763670853304188e-02
5.083315814448440689e-02
5.054103741180905607e-02
5.025127703643190308e-02
4.996387825726279069e-02
4.967884115564150105e-02
4.939201080295154561e-02
4.909625635198643090e-02
4.878549734412638422e-02
4.845718094500485462e-02
4.811240025093199008e-02
4.775474563179402110e-02
4.738895883592241648e-02
4.701990172247154376e-02
4.665193926498248378e-02
4.628865727628285465e-02
4.593279792217113550e-02
4.558631562586510505e-02
4.525048751025601695e-02
4.492603925532812764e-02
4.461326568871066406e-02
4.431213679182730708e-02
4.402238622849587169e-02
4.374358281024445794e-02
4.347518678748143323e-02
4.321659332497831962e-02
4.299762589746460723e-02
4.282153758842460745e-02
4.267405634118370816e-02
4.253964735889688431e-02
4.240755991602876418e-02
4.227196223379015710e-02
4.213044934264326136e-02
4.198261248112104826e-02
4.182904814326596221e-02
4.167076242690786331e-02
4.150884680086681933e-02
4.134431970335144396e-02
4.117806211658901760e-02
4.101080280660628075e-02
4.084312751028555677e-02
4.067549788151247903e-02
4.050827280299359318e-02
4.034172851908707919e-02
4.017607613971446029e-02
4.001147614901555405e-02
3.984807522221726211e-02
3.968603379038898593e-02
3.952551794998714063e-02
3.936666822261521148e-02
3.920957055384732826e-02
3.905424366231719652e-02
3.890064300943870540e-02
3.874867505322748124e-02
3.859821506877390840e-02
3.844912400251049994e-02
3.830126207526524107e-02
3.815449831932635205e-02
3.800871607404929936e-02
3.786381501098017716e-02
3.771971064423874920e-02
3.757633245714161324e-02
3.743362169272852064e-02
3.729152956077283476e-02
3.715001622857479896e-02
3.700905061347611880e-02
3.686861163374665490e-02
3.672869125919699801e-02
3.658929832103188784e-02
3.645046125397693321e-02
3.631222843809792100e-02
3.617466593360822019e-02
3.603785331333918956e-02
3.590187864628895803e-02
3.576683357073676822e-02
3.563280906847367258e-02
3.549989316806260314e-02
3.536817064261442434e-02
3.523772297545321730e-02
3.510862674417242896e-02
3.498095000865817511e-02
3.485474777251839490e-02
3.473005813270038655e-02
3.460690035171803264e-02
3.448527529430597122e-02
3.436516794634786320e-02
3.424655131150546733e-02
3.412939087447620923e-02
3.401364893242900950e-02
3.389928831125695041e-02
3.378627521130026651e-02
3.367458111642973595e-02
3.356418383215606371e-02
3.345506779382030615e-02
3.334722381632268529e-02
3.324064845607969249e-02
3.320961417140051025e-02
3.316229165023134445e-02
3.309562058653525013e-02
3.301461007985891788e-02
3.292322179152797068e-02
3.282400467704181535e-02
3.271847542778490853e-02
3.260747160142671991e-02
3.249141994752827167e-02
3.237052722302219410e-02
2.706740516465249574e-02
1.851612233693099643e-02
9.388196236448237419e-03
1.163018631922348037e-03
-5.630430969648294454e-03
-1.095513635672675651e-02
-1.497692167116868381e-02
-1.791966168086319214e-02
-2.000162912380536867e-02
-2.141190813715553726e-02
-2.230511370415522512e-02
-2.280371455411052059e-02
-2.300293721372916392e-02
-2.297602588879679372e-02
-2.277897186804307694e-02
-2.245444464673306689e-02
-2.203492509762957491e-02
-2.154514254593864475e-02
-2.100394303704834070e-02
-2.042570938159878058e-02
-1.982143552024797153e-02
-1.919953773446207018e-02
-1.856646705578744380e-02
-1.792717210606012759e-02
-1.728544959770384956e-02
-1.664421045371540162e-02
-1.600568246890375634e-02
-1.537156514558619610e-02
-1.474314838777346717e-02
-1.412140379805653344e-02
-1.350705513574616129e-02
-1.290063286897987285e-02
-1.230251654258364066e-02
-1.171296777942109138e-02
-1.113215605619210374e-02
-1.056017888632636466e-02
-9.997077659615709322e-03
-9.442850098440131942e-03
-8.897460070509415411e-03
-8.360845330513946502e-03
-7.832923634806115976e-03
-7.313597574944336738e-03
-6.802758400144144277e-03
-6.300289040095777976e-03
-5.806066494232211064e-03
-5.319963718206820007e-03
-4.841851110776454296e-03
-4.371597682730076970e-03
-3.909071972579811032e-03
-3.454142760431434291e-03
-3.031972536489175533e-03
-2.688641282728916962e-03
-2.465447208859809173e-03
-2.380948576197838926e-03
-2.429059162307908339e-03
-2.586730527327555512e-03
-2.823456382886978863e-03
-3.108544584300310804e-03
-3.415276462253765723e-03
-3.722557639130895379e-03
-4.014998711406433420e-03
-4.282206239516530948e-03
-4.517795048715566968e-03
-4.718403827307156295e-03
-4.882841888483516538e-03
-5.011405674353259024e-03
-5.105358806906198921e-03
-5.166551285276510877e-03
-5.197149249314293035e-03
